[967182, 
 967183, 
 849409, 
 695067, 
 934943, 
 803871, 
 656415, 
 871451, 
 787739, 
 851227, 
 604713, 
 984623, 
 544041, 
 604710, 
 907069, 
 907068, 
 907071, 
 516414, 
 918071, 
 863799, 
 863798, 
 517191, 
 859719, 
 907611, 
 861009, 
 861521, 
 861011, 
 861523, 
 861522, 
 680301, 
 788583, 
 814439, 
 844647, 
 525159, 
 981857, 
 575865, 
 937599, 
 882815, 
 645756, 
 645759, 
 874619, 
 822139, 
 824187, 
 874615, 
 874614, 
 756087, 
 756086, 
 650889, 
 574347, 
 983947, 
 806283, 
 951433, 
 806277, 
 983942, 
 983941, 
 983940, 
 997023, 
 980383, 
 829087, 
 765342, 
 716691, 
 559785, 
 737961, 
 537516, 
 886953, 
 917161, 
 850596, 
 850597, 
 850598, 
 837799, 
 737958, 
 816060, 
 852413, 
 968638, 
 991935, 
 997823, 
 852412, 
 940479, 
 957631, 
 968639, 
 816062, 
 886207, 
 968636, 
 852414, 
 968637, 
 780735, 
 623295, 
 976334, 
 976335, 
 757699, 
 757698, 
 955591, 
 955586, 
 955587, 
 955585, 
 777435, 
 777439, 
 774622, 
 777438, 
 568275, 
 665067, 
 920559, 
 723945, 
 750831, 
 889833, 
 924907, 
 927211, 
 997601, 
 932065, 
 830204, 
 956926, 
 969214, 
 971774, 
 997375, 
 999167, 
 830205, 
 944639, 
 946943, 
 971775, 
 983039, 
 997374, 
 839678, 
 841726, 
 901119, 
 956924, 
 969212, 
 827391, 
 830207, 
 839679, 
 956925, 
 969213, 
 646140, 
 666111, 
 930043, 
 553470, 
 561150, 
 655359, 
 588543, 
 637950, 
 958966, 
 958967, 
 504057]